
Cell Generation
 ==================== 
Cell Generation,Unit,Category,Time,Default Labels,ID,
0,,Cell,1,ATM,1,
0,,Cell,1,ATM,2,
0,,Cell,1,TVC,4,
0,,Cell,1,TVC,5,
0,,Cell,1,TVC,6,
0,,Cell,1,TVC,9,
