
Volume
 ==================== 
Volume,Unit,Category,Time,Default Labels,ID,
4835.8,um^3,Surface,1,TVCgroup,0,
10826,um^3,Surface,1,ATMgroup,4,
