
Area
 ==================== 
Area,Unit,Category,Time,Default Labels,ID,
4516.07,um^2,Surface,1,ATMgroup,0,
2314.28,um^2,Surface,1,TVCgroup,1,
